*****************************************************************************
stage_savannah.txt
*****************************************************************************

=============================================================================
Num(Bg_Road_Stum_Target)
=============================================================================
n 26 1235 18 1

=============================================================================
Background(Type)
=============================================================================
b 10
b 11
b 12
b 13
b 14
b 10
b 11
b 12
b 13
b 14
b 10
b 11
b 12
b 13
b 14
b 10
b 11
b 12
b 13
b 14
b 10
b 11
b 12
b 13
b 14
b 10

=============================================================================
Road(Type_Index.X_Index.Y)
=============================================================================
r 3 0 0
r 3 1 0
r 3 2 0
r 3 3 0
r 3 4 0
r 3 5 0
r 3 6 0
r 3 7 0
r 3 8 0
r 3 9 0
r 3 10 0
r 3 11 0
r 3 13 0
r 3 12 0
r 3 14 0
r 3 15 0
r 3 16 0
r 3 17 0
r 3 18 0
r 3 19 0
r 3 19 1
r 3 18 1
r 3 20 0
r 3 20 1
r 3 21 1
r 3 21 0
r 3 22 0
r 3 23 0
r 3 24 0
r 3 25 0
r 3 26 0
r 3 27 0
r 3 28 0
r 3 29 0
r 3 30 0
r 3 31 0
r 3 32 0
r 3 33 0
r 3 34 0
r 3 35 0
r 3 36 0
r 3 37 0
r 3 38 0
r 3 39 0
r 3 39 5
r 3 38 5
r 3 37 5
r 3 36 5
r 3 35 5
r 3 34 5
r 3 29 4
r 3 28 4
r 3 27 4
r 3 26 4
r 3 40 0
r 3 41 0
r 3 43 0
r 3 42 0
r 3 44 0
r 3 45 0
r 3 46 0
r 3 47 0
r 3 48 0
r 3 49 0
r 3 50 0
r 3 51 0
r 3 52 0
r 3 53 0
r 3 54 0
r 3 55 0
r 3 56 0
r 3 57 0
r 3 58 0
r 3 59 0
r 3 40 5
r 3 41 5
r 3 42 5
r 3 43 5
r 3 44 5
r 3 45 5
r 3 46 5
r 3 47 5
r 3 48 5
r 3 49 5
r 3 50 5
r 3 51 5
r 3 52 5
r 3 59 3
r 3 58 3
r 3 57 3
r 3 56 3
r 3 55 3
r 3 54 3
r 3 53 5
r 3 57 7
r 3 58 7
r 3 59 7
r 3 60 0
r 3 61 0
r 3 62 0
r 3 63 0
r 3 64 0
r 3 65 0
r 3 66 0
r 3 67 0
r 3 68 0
r 3 69 0
r 3 70 0
r 3 71 0
r 3 72 0
r 3 73 0
r 3 74 0
r 3 75 0
r 3 76 0
r 3 77 0
r 3 78 0
r 3 79 0
r 3 60 3
r 3 61 3
r 3 62 3
r 3 60 7
r 3 66 5
r 3 67 5
r 3 68 5
r 3 69 5
r 3 70 5
r 3 71 5
r 3 75 7
r 3 76 7
r 3 77 7
r 3 78 7
r 3 79 7
r 3 80 0
r 3 81 0
r 3 82 0
r 3 83 0
r 3 84 0
r 3 85 0
r 3 86 0
r 3 87 0
r 3 88 0
r 3 89 0
r 3 90 0
r 3 91 0
r 3 92 0
r 3 93 0
r 3 94 0
r 3 95 0
r 3 96 0
r 3 97 0
r 3 98 0
r 3 80 7
r 3 81 7
r 3 82 7
r 3 83 7
r 3 84 7
r 3 99 0
r 3 99 1
r 3 99 2
r 3 98 2
r 3 97 2
r 3 98 1
r 3 96 1
r 3 97 1
r 3 94 1
r 3 95 1
r 3 93 1
r 3 100 0
r 3 100 2
r 3 100 1
r 3 101 3
r 3 101 2
r 3 101 1
r 3 101 0
r 3 102 3
r 3 102 2
r 3 102 1
r 3 102 0
r 3 103 3
r 3 103 2
r 3 103 1
r 3 103 0
r 3 104 4
r 3 106 4
r 3 107 4
r 3 104 3
r 3 104 2
r 3 104 1
r 3 104 0
r 3 105 4
r 3 105 3
r 3 105 2
r 3 105 1
r 3 105 0
r 3 106 1
r 3 106 2
r 3 106 3
r 3 106 0
r 3 107 3
r 3 107 2
r 3 107 1
r 3 107 0
r 3 108 3
r 3 109 3
r 3 110 3
r 3 110 2
r 3 109 2
r 3 108 2
r 3 108 1
r 3 109 1
r 3 110 1
r 3 111 1
r 3 108 0
r 3 109 0
r 3 110 0
r 3 111 0
r 3 111 2
r 3 112 2
r 3 113 2
r 3 114 2
r 3 114 1
r 3 113 1
r 3 112 1
r 3 112 0
r 3 114 0
r 3 115 1
r 3 113 0
r 3 115 0
r 3 116 1
r 3 116 0
r 3 117 1
r 3 118 1
r 3 117 0
r 3 118 0
r 3 119 0
r 3 120 0
r 3 121 0
r 3 122 0
r 3 123 0
r 3 124 0
r 3 125 0
r 3 126 0
r 3 127 0
r 3 128 0
r 3 129 0
r 3 130 0
r 3 131 0
r 3 132 0
r 3 133 0
r 3 134 0
r 3 135 0
r 3 136 0
r 3 137 0
r 3 138 0
r 3 139 0
r 3 139 1
r 3 138 1
r 3 137 1
r 3 140 1
r 3 140 0
r 3 141 0
r 3 142 0
r 3 143 0
r 3 144 0
r 3 145 0
r 3 146 0
r 3 147 0
r 3 148 0
r 3 149 0
r 3 150 0
r 3 151 0
r 3 152 0
r 3 153 0
r 3 154 0
r 3 155 0
r 3 156 0
r 3 158 0
r 3 157 0
r 3 159 0
r 3 156 1
r 3 158 1
r 3 157 1
r 3 159 1
r 3 154 1
r 3 155 1
r 3 153 1
r 3 152 1
r 3 151 1
r 3 150 1
r 3 149 1
r 3 141 1
r 3 142 1
r 3 143 1
r 3 144 1
r 3 145 1
r 3 146 1
r 3 147 1
r 3 148 1
r 3 142 2
r 3 143 2
r 3 144 2
r 3 145 2
r 3 146 2
r 3 147 2
r 3 148 2
r 3 149 2
r 3 150 2
r 3 151 2
r 3 152 2
r 3 153 2
r 3 154 2
r 3 155 2
r 3 156 2
r 3 157 2
r 3 158 2
r 3 159 2
r 3 149 3
r 3 150 3
r 3 151 3
r 3 152 3
r 3 153 3
r 3 154 3
r 3 155 3
r 3 156 3
r 3 157 3
r 3 158 3
r 3 159 3
r 3 159 4
r 3 158 4
r 3 157 4
r 3 156 4
r 3 155 4
r 3 157 5
r 3 158 5
r 3 159 5
r 3 160 0
r 3 160 1
r 3 160 3
r 3 160 2
r 3 160 4
r 3 160 5
r 3 162 6
r 3 161 6
r 3 163 6
r 3 164 6
r 3 166 6
r 3 165 6
r 3 179 1
r 3 179 0
r 3 178 2
r 3 178 1
r 3 178 0
r 3 177 2
r 3 176 2
r 3 175 2
r 3 174 3
r 3 173 3
r 3 172 4
r 3 171 4
r 3 170 5
r 3 170 6
r 3 167 6
r 3 168 6
r 3 169 6
r 3 161 5
r 3 162 5
r 3 163 5
r 3 165 5
r 3 164 5
r 3 166 5
r 3 167 5
r 3 168 5
r 3 169 5
r 3 170 4
r 3 168 4
r 3 161 4
r 3 162 4
r 3 163 4
r 3 164 4
r 3 165 4
r 3 166 4
r 3 167 4
r 3 169 4
r 3 161 3
r 3 163 3
r 3 162 3
r 3 164 3
r 3 165 3
r 3 166 3
r 3 167 3
r 3 168 3
r 3 169 3
r 3 170 3
r 3 171 3
r 3 172 3
r 3 174 2
r 3 173 2
r 3 172 2
r 3 171 2
r 3 170 2
r 3 169 2
r 3 168 2
r 3 167 2
r 3 166 2
r 3 165 2
r 3 164 2
r 3 163 2
r 3 162 2
r 3 161 2
r 3 161 1
r 3 162 1
r 3 163 1
r 3 164 1
r 3 165 1
r 3 166 1
r 3 167 1
r 3 168 1
r 3 169 1
r 3 170 1
r 3 171 1
r 3 172 1
r 3 173 1
r 3 174 1
r 3 175 1
r 3 176 1
r 3 177 1
r 3 177 0
r 3 176 0
r 3 174 0
r 3 175 0
r 3 173 0
r 3 172 0
r 3 171 0
r 3 170 0
r 3 168 0
r 3 169 0
r 3 167 0
r 3 166 0
r 3 165 0
r 3 164 0
r 3 163 0
r 3 162 0
r 3 161 0
r 3 175 7
r 3 176 7
r 3 177 7
r 3 178 7
r 3 179 7
r 3 180 1
r 3 181 1
r 3 182 1
r 3 183 1
r 3 184 1
r 3 180 0
r 3 181 0
r 3 182 0
r 3 183 0
r 3 184 0
r 3 185 0
r 3 186 0
r 3 187 0
r 3 188 0
r 3 189 0
r 3 190 0
r 3 191 0
r 3 192 0
r 3 193 0
r 3 194 0
r 3 195 0
r 3 196 0
r 3 197 0
r 3 198 0
r 3 199 0
r 3 180 7
r 3 181 7
r 3 182 7
r 3 184 7
r 3 183 7
r 3 189 6
r 3 190 6
r 3 191 6
r 3 192 6
r 3 193 6
r 3 194 6
r 3 195 6
r 3 196 6
r 3 197 6
r 3 198 6
r 3 199 6
r 3 200 0
r 3 201 0
r 3 202 0
r 3 203 0
r 3 204 0
r 3 205 0
r 3 206 0
r 3 207 0
r 3 208 0
r 3 209 0
r 3 210 0
r 3 211 0
r 3 212 0
r 3 213 0
r 3 214 0
r 3 215 0
r 3 216 0
r 3 217 0
r 3 218 0
r 3 219 0
r 3 219 1
r 3 218 1
r 3 217 1
r 3 216 1
r 3 215 1
r 3 214 1
r 3 213 1
r 3 212 1
r 3 211 1
r 3 210 1
r 3 209 1
r 3 209 7
r 3 208 7
r 3 207 7
r 3 206 7
r 3 205 7
r 3 210 7
r 3 211 7
r 3 212 7
r 3 213 7
r 3 220 0
r 3 221 0
r 3 222 0
r 3 223 0
r 3 224 1
r 3 225 0
r 3 224 0
r 3 226 0
r 3 227 0
r 3 228 0
r 3 229 0
r 3 230 0
r 3 231 0
r 3 232 0
r 3 233 0
r 3 234 0
r 3 235 0
r 3 237 0
r 3 236 1
r 3 238 0
r 3 239 0
r 3 236 0
r 3 237 1
r 3 238 1
r 3 235 1
r 3 239 1
r 3 234 1
r 3 233 1
r 3 232 1
r 3 231 1
r 3 230 1
r 3 228 1
r 3 229 1
r 3 227 1
r 3 226 1
r 3 225 1
r 3 223 1
r 3 222 1
r 3 221 1
r 3 220 1
r 3 240 0
r 3 241 0
r 3 242 0
r 3 243 0
r 3 244 0
r 3 245 0
r 3 246 0
r 3 247 0
r 3 248 0
r 3 249 0
r 3 250 0
r 3 251 0
r 3 252 0
r 3 253 0
r 3 254 0
r 3 255 0
r 3 256 0
r 3 257 0
r 3 258 0
r 3 259 0
r 3 257 1
r 3 255 1
r 3 256 1
r 3 254 1
r 3 253 1
r 3 252 1
r 3 251 1
r 3 250 1
r 3 249 1
r 3 248 1
r 3 247 1
r 3 246 1
r 3 245 1
r 3 244 1
r 3 243 1
r 3 241 1
r 3 242 1
r 3 240 1
r 3 260 0
r 3 261 0
r 3 262 0
r 3 263 0
r 3 264 0
r 3 265 0
r 3 266 0
r 3 267 0
r 3 268 0
r 3 269 0
r 3 270 0
r 3 271 0
r 3 272 0
r 3 273 0
r 3 274 0
r 3 275 0
r 3 276 0
r 3 277 0
r 3 278 0
r 3 279 0
r 3 280 0
r 3 281 0
r 3 282 0
r 3 283 0
r 3 284 0
r 3 285 0
r 3 286 0
r 3 287 0
r 3 288 0
r 3 289 0
r 3 290 0
r 3 291 0
r 3 292 0
r 3 293 0
r 3 294 0
r 3 295 0
r 3 296 0
r 3 298 0
r 3 297 0
r 3 299 0
r 3 298 1
r 3 298 2
r 3 297 2
r 3 297 1
r 3 296 2
r 3 296 1
r 3 295 2
r 3 295 1
r 3 294 2
r 3 294 1
r 3 293 2
r 3 293 1
r 3 288 3
r 3 287 3
r 3 286 3
r 3 285 3
r 3 284 3
r 3 300 0
r 3 301 0
r 3 302 0
r 3 303 0
r 3 304 0
r 3 305 0
r 3 306 0
r 3 307 0
r 3 308 0
r 3 309 0
r 3 310 0
r 3 311 0
r 3 312 0
r 3 313 0
r 3 314 0
r 3 315 0
r 3 316 0
r 3 317 0
r 3 318 0
r 3 319 0
r 3 302 1
r 3 303 1
r 3 303 2
r 3 302 2
r 3 302 3
r 3 303 3
r 3 306 1
r 3 307 1
r 3 307 2
r 3 306 2
r 3 306 3
r 3 307 3
r 3 310 1
r 3 311 1
r 3 311 2
r 3 310 2
r 3 310 3
r 3 311 3
r 3 314 1
r 3 315 1
r 3 315 2
r 3 314 2
r 3 315 3
r 3 314 3
r 3 320 0
r 3 321 0
r 3 322 0
r 3 323 0
r 3 324 0
r 3 325 0
r 3 326 0
r 3 327 0
r 3 329 0
r 3 328 0
r 3 330 0
r 3 331 0
r 3 332 0
r 3 333 0
r 3 334 0
r 3 335 0
r 3 336 0
r 3 337 0
r 3 338 0
r 3 339 0
r 3 339 1
r 3 338 1
r 3 337 1
r 3 336 1
r 3 335 1
r 3 334 1
r 3 333 1
r 3 332 1
r 3 331 1
r 3 333 2
r 3 334 2
r 3 335 2
r 3 336 2
r 3 337 2
r 3 338 2
r 3 339 2
r 3 335 3
r 3 336 3
r 3 337 3
r 3 338 3
r 3 339 3
r 3 338 4
r 3 339 4
r 3 327 6
r 3 326 6
r 3 325 6
r 3 324 6
r 3 323 6
r 3 322 6
r 3 321 6
r 3 320 6
r 3 340 0
r 3 340 1
r 3 340 2
r 3 340 3
r 3 340 4
r 3 359 0
r 3 359 1
r 3 359 2
r 3 358 2
r 3 357 2
r 3 355 2
r 3 356 2
r 3 355 3
r 3 354 3
r 3 353 3
r 3 352 3
r 3 351 3
r 3 350 4
r 3 350 3
r 3 341 4
r 3 342 4
r 3 343 4
r 3 344 4
r 3 345 4
r 3 346 4
r 3 347 4
r 3 348 4
r 3 349 4
r 3 341 3
r 3 342 3
r 3 343 3
r 3 344 3
r 3 346 3
r 3 345 3
r 3 347 3
r 3 348 3
r 3 349 3
r 3 341 2
r 3 342 2
r 3 344 2
r 3 345 2
r 3 346 2
r 3 343 2
r 3 347 2
r 3 348 2
r 3 349 2
r 3 350 2
r 3 351 2
r 3 352 2
r 3 353 2
r 3 354 2
r 3 341 1
r 3 342 1
r 3 343 1
r 3 344 1
r 3 345 1
r 3 346 1
r 3 347 1
r 3 348 1
r 3 349 1
r 3 350 1
r 3 351 1
r 3 352 1
r 3 353 1
r 3 354 1
r 3 355 1
r 3 356 1
r 3 357 1
r 3 358 1
r 3 358 0
r 3 357 0
r 3 356 0
r 3 355 0
r 3 354 0
r 3 353 0
r 3 352 0
r 3 351 0
r 3 350 0
r 3 349 0
r 3 348 0
r 3 347 0
r 3 346 0
r 3 345 0
r 3 344 0
r 3 343 0
r 3 342 0
r 3 341 0
r 3 360 0
r 3 360 1
r 3 360 2
r 3 361 2
r 3 362 2
r 3 363 2
r 3 364 2
r 3 365 2
r 3 366 2
r 3 366 1
r 3 367 1
r 3 368 1
r 3 369 1
r 3 370 1
r 3 371 1
r 3 372 1
r 3 372 2
r 3 373 2
r 3 374 3
r 3 374 2
r 3 375 3
r 3 376 3
r 3 376 4
r 3 377 4
r 3 378 4
r 3 379 5
r 3 379 4
r 3 361 1
r 3 362 1
r 3 363 1
r 3 364 1
r 3 365 1
r 3 362 0
r 3 361 0
r 3 363 0
r 3 365 0
r 3 364 0
r 3 366 0
r 3 367 0
r 3 368 0
r 3 369 0
r 3 370 0
r 3 371 0
r 3 372 0
r 3 373 0
r 3 374 0
r 3 375 0
r 3 376 0
r 3 377 0
r 3 378 0
r 3 379 1
r 3 379 0
r 3 378 1
r 3 373 1
r 3 374 1
r 3 375 1
r 3 376 1
r 3 377 1
r 3 375 2
r 3 376 2
r 3 377 2
r 3 378 2
r 3 379 2
r 3 378 3
r 3 377 3
r 3 379 3
r 3 380 0
r 3 380 1
r 3 380 2
r 3 380 3
r 3 380 4
r 3 380 5
r 3 381 5
r 3 382 5
r 3 383 4
r 3 384 4
r 3 385 4
r 3 386 3
r 3 387 3
r 3 388 3
r 3 389 2
r 3 390 2
r 3 391 2
r 3 392 1
r 3 393 1
r 3 394 1
r 3 395 1
r 3 396 0
r 3 397 0
r 3 398 0
r 3 399 0
r 3 381 0
r 3 383 0
r 3 382 0
r 3 384 0
r 3 385 0
r 3 386 0
r 3 387 0
r 3 388 0
r 3 389 0
r 3 390 0
r 3 391 0
r 3 392 0
r 3 393 0
r 3 394 0
r 3 395 0
r 3 381 4
r 3 382 4
r 3 381 3
r 3 382 3
r 3 383 3
r 3 384 3
r 3 385 3
r 3 381 2
r 3 382 2
r 3 383 2
r 3 384 2
r 3 385 2
r 3 386 2
r 3 387 2
r 3 388 2
r 3 381 1
r 3 382 1
r 3 383 1
r 3 384 1
r 3 385 1
r 3 386 1
r 3 387 1
r 3 388 1
r 3 389 1
r 3 390 1
r 3 391 1
r 3 400 0
r 3 401 0
r 3 402 0
r 3 403 0
r 3 404 0
r 3 405 0
r 3 406 0
r 3 407 0
r 3 408 0
r 3 409 0
r 3 410 0
r 3 411 0
r 3 412 0
r 3 413 0
r 3 414 0
r 3 415 0
r 3 416 0
r 3 417 0
r 3 418 0
r 3 419 0
r 3 420 0
r 3 422 0
r 3 421 0
r 3 439 0
r 3 439 1
r 3 439 3
r 3 439 2
r 3 439 4
r 3 438 4
r 3 438 3
r 3 437 2
r 3 436 2
r 3 435 2
r 3 434 2
r 3 438 2
r 3 433 1
r 3 432 1
r 3 431 1
r 3 430 1
r 3 429 1
r 3 428 1
r 3 427 1
r 3 423 0
r 3 424 0
r 3 425 0
r 3 426 0
r 3 427 0
r 3 428 0
r 3 429 0
r 3 430 0
r 3 431 0
r 3 432 0
r 3 433 0
r 3 434 0
r 3 434 1
r 3 435 1
r 3 436 1
r 3 437 1
r 3 438 1
r 3 437 0
r 3 438 0
r 3 436 0
r 3 435 0
r 3 440 0
r 3 440 1
r 3 440 2
r 3 440 3
r 3 440 4
r 3 441 4
r 3 442 4
r 3 459 8
r 3 458 8
r 3 457 7
r 3 456 7
r 3 455 6
r 3 454 6
r 3 454 5
r 3 453 4
r 3 452 4
r 3 458 7
r 3 459 7
r 3 456 6
r 3 457 6
r 3 458 6
r 3 459 6
r 3 455 5
r 3 456 5
r 3 457 5
r 3 458 5
r 3 459 5
r 3 459 4
r 3 457 4
r 3 458 4
r 3 456 4
r 3 455 4
r 3 454 4
r 3 441 3
r 3 442 3
r 3 444 3
r 3 445 3
r 3 446 3
r 3 447 3
r 3 448 3
r 3 449 3
r 3 450 3
r 3 451 3
r 3 452 3
r 3 453 3
r 3 454 3
r 3 455 3
r 3 456 3
r 3 457 3
r 3 458 3
r 3 459 3
r 3 441 2
r 3 441 1
r 3 442 2
r 3 442 1
r 3 442 0
r 3 441 0
r 3 443 3
r 3 444 2
r 3 443 2
r 3 445 2
r 3 446 2
r 3 447 2
r 3 448 2
r 3 449 2
r 3 450 2
r 3 451 2
r 3 452 2
r 3 453 2
r 3 454 2
r 3 455 2
r 3 456 2
r 3 457 2
r 3 458 2
r 3 459 2
r 3 458 1
r 3 459 1
r 3 457 1
r 3 456 1
r 3 455 1
r 3 454 1
r 3 453 1
r 3 452 1
r 3 451 1
r 3 450 1
r 3 449 1
r 3 448 1
r 3 447 1
r 3 446 1
r 3 445 1
r 3 444 1
r 3 443 1
r 3 443 0
r 3 444 0
r 3 445 0
r 3 446 0
r 3 447 0
r 3 448 0
r 3 449 0
r 3 450 0
r 3 451 0
r 3 452 0
r 3 453 0
r 3 454 0
r 3 455 0
r 3 456 0
r 3 457 0
r 3 458 0
r 3 459 0
r 3 460 8
r 3 460 7
r 3 460 6
r 3 460 5
r 3 461 5
r 3 460 4
r 3 461 4
r 3 462 4
r 3 463 4
r 3 464 4
r 3 465 4
r 3 460 3
r 3 461 3
r 3 462 3
r 3 463 3
r 3 464 3
r 3 465 3
r 3 466 3
r 3 460 2
r 3 462 2
r 3 461 2
r 3 463 2
r 3 464 2
r 3 465 2
r 3 466 2
r 3 467 2
r 3 468 2
r 3 469 1
r 3 470 1
r 3 471 1
r 3 460 1
r 3 461 1
r 3 462 1
r 3 463 1
r 3 464 1
r 3 465 1
r 3 466 1
r 3 467 1
r 3 468 1
r 3 460 0
r 3 461 0
r 3 463 0
r 3 462 0
r 3 464 0
r 3 465 0
r 3 466 0
r 3 467 0
r 3 468 0
r 3 469 0
r 3 470 0
r 3 471 0
r 3 472 0
r 3 473 0
r 3 474 0
r 3 475 0
r 3 476 0
r 3 477 0
r 3 478 0
r 3 479 0
r 3 480 0
r 3 481 0
r 3 482 0
r 3 483 0
r 3 484 0
r 3 485 0
r 3 486 0
r 3 487 0
r 3 488 0
r 3 489 0
r 3 490 0
r 3 491 0
r 3 492 0
r 3 493 0
r 3 494 0
r 3 495 0
r 3 496 0
r 3 497 0
r 3 498 0
r 3 499 0
r 3 500 0
r 3 501 0
r 3 502 0
r 3 503 0
r 3 504 0
r 3 505 0

=============================================================================
Stumbler(Type_Index.X_Index.Y)
=============================================================================
s 0 14 1
s 6 7 7
s 7 88 1
s 6 92 8
s 6 129 5
s 1 151 4
s 1 169 7
s 2 207 1
s 6 201 6
s 1 222 2
s 6 243 4
s 8 260 1
s 6 306 8
s 2 358 3
s 2 399 1
s 2 422 1
s 1 448 4
s 7 463 5

=============================================================================
Target(Type_Index.X_Index.Y)
=============================================================================
t 1 489 1

