*****************************************************************************
stage_desert.txt
*****************************************************************************

=============================================================================
Num(Bg_Road_Stum_Target)
=============================================================================
n 26 1326 16 1

=============================================================================
Background(Type)
=============================================================================
b 2
b 3
b 4
b 2
b 3
b 4
b 2
b 3
b 4
b 2
b 3
b 4
b 2
b 3
b 4
b 2
b 3
b 4
b 2
b 3
b 4
b 2
b 3
b 4
b 2
b 3

=============================================================================
Road(Type_Index.X_Index.Y)
=============================================================================
r 1 0 0
r 1 1 0
r 1 2 0
r 1 3 0
r 1 4 0
r 1 5 0
r 1 6 0
r 1 7 0
r 1 8 0
r 1 9 0
r 1 10 0
r 1 11 0
r 1 12 0
r 1 13 0
r 1 14 0
r 1 15 0
r 1 16 0
r 1 17 0
r 1 18 0
r 1 19 0
r 1 20 0
r 1 21 0
r 1 22 0
r 1 23 0
r 1 24 0
r 1 25 0
r 1 26 0
r 1 27 0
r 1 28 0
r 1 29 0
r 1 30 0
r 1 31 0
r 1 32 0
r 1 33 0
r 1 34 0
r 1 35 0
r 1 36 0
r 1 37 0
r 1 38 0
r 1 39 0
r 1 39 1
r 1 38 1
r 1 37 1
r 1 36 1
r 1 35 1
r 1 34 1
r 1 33 1
r 1 31 1
r 1 32 1
r 1 30 1
r 1 28 1
r 1 29 1
r 1 27 1
r 1 26 1
r 1 25 1
r 1 22 1
r 1 23 1
r 1 24 1
r 1 29 2
r 1 30 2
r 1 31 2
r 1 32 2
r 1 33 2
r 1 34 2
r 1 35 2
r 1 36 2
r 1 37 2
r 1 38 2
r 1 39 2
r 1 40 0
r 1 41 0
r 1 42 0
r 1 43 0
r 1 44 0
r 1 45 0
r 1 46 0
r 1 47 0
r 1 48 0
r 1 49 0
r 1 50 0
r 1 51 0
r 1 52 0
r 1 53 0
r 1 54 0
r 1 55 0
r 1 56 0
r 1 57 0
r 1 58 0
r 1 59 0
r 1 59 1
r 1 58 1
r 1 57 1
r 1 56 1
r 1 40 1
r 1 41 1
r 1 42 1
r 1 43 1
r 1 44 2
r 1 45 1
r 1 44 1
r 1 46 1
r 1 47 1
r 1 48 1
r 1 49 1
r 1 50 1
r 1 51 1
r 1 52 1
r 1 53 1
r 1 54 1
r 1 55 1
r 1 40 2
r 1 41 2
r 1 42 2
r 1 43 2
r 1 45 2
r 1 46 2
r 1 47 2
r 1 48 2
r 1 49 2
r 1 50 2
r 1 51 2
r 1 52 2
r 1 53 2
r 1 54 2
r 1 55 2
r 1 56 2
r 1 57 2
r 1 58 2
r 1 59 2
r 1 60 0
r 1 61 0
r 1 62 0
r 1 63 0
r 1 64 0
r 1 65 0
r 1 66 0
r 1 67 0
r 1 68 0
r 1 69 0
r 1 70 0
r 1 71 0
r 1 72 0
r 1 73 0
r 1 74 0
r 1 75 0
r 1 76 0
r 1 77 0
r 1 78 0
r 1 79 0
r 1 75 1
r 1 74 1
r 1 73 1
r 1 72 1
r 1 71 1
r 1 70 1
r 1 69 1
r 1 68 1
r 1 67 1
r 1 66 1
r 1 65 1
r 1 64 1
r 1 63 1
r 1 62 1
r 1 61 1
r 1 60 1
r 1 60 2
r 1 61 2
r 1 62 2
r 1 63 2
r 1 64 2
r 1 65 2
r 1 66 2
r 1 67 2
r 1 68 2
r 1 80 0
r 1 81 0
r 1 82 0
r 1 83 0
r 1 84 0
r 1 85 0
r 1 86 0
r 1 87 0
r 1 88 0
r 1 89 0
r 1 90 0
r 1 91 0
r 1 92 0
r 1 93 0
r 1 94 0
r 1 95 0
r 1 96 0
r 1 97 0
r 1 98 0
r 1 99 0
r 1 99 1
r 1 98 1
r 1 97 1
r 1 96 1
r 1 95 1
r 1 100 0
r 1 101 0
r 1 102 0
r 1 103 0
r 1 104 0
r 1 105 0
r 1 106 0
r 1 107 0
r 1 108 0
r 1 109 0
r 1 110 0
r 1 111 0
r 1 112 0
r 1 113 0
r 1 114 0
r 1 115 0
r 1 116 0
r 1 117 0
r 1 118 0
r 1 119 0
r 1 100 1
r 1 101 1
r 1 102 1
r 1 103 1
r 1 104 1
r 1 105 1
r 1 106 1
r 1 107 1
r 1 108 1
r 1 109 1
r 1 110 1
r 1 111 1
r 1 112 1
r 1 113 1
r 1 114 1
r 1 115 1
r 1 116 1
r 1 117 1
r 1 118 1
r 1 119 1
r 1 103 2
r 1 104 2
r 1 105 2
r 1 106 2
r 1 107 2
r 1 108 2
r 1 109 2
r 1 110 2
r 1 111 2
r 1 112 2
r 1 113 2
r 1 114 2
r 1 115 2
r 1 116 2
r 1 117 2
r 1 118 2
r 1 119 2
r 1 110 3
r 1 111 3
r 1 112 3
r 1 113 3
r 1 114 3
r 1 115 3
r 1 116 3
r 1 117 3
r 1 118 3
r 1 119 3
r 1 119 4
r 1 118 4
r 1 120 0
r 1 121 0
r 1 120 1
r 1 120 2
r 1 120 3
r 1 120 4
r 1 122 0
r 1 123 0
r 1 124 0
r 1 125 0
r 1 126 0
r 1 127 0
r 1 128 0
r 1 129 0
r 1 130 0
r 1 131 0
r 1 132 0
r 1 133 0
r 1 134 0
r 1 135 0
r 1 136 0
r 1 137 0
r 1 139 0
r 1 138 0
r 1 139 1
r 1 138 1
r 1 137 1
r 1 136 1
r 1 135 1
r 1 134 1
r 1 133 1
r 1 132 1
r 1 131 1
r 1 130 1
r 1 129 1
r 1 128 1
r 1 121 2
r 1 121 1
r 1 122 1
r 1 123 1
r 1 124 1
r 1 125 1
r 1 126 1
r 1 127 1
r 1 122 2
r 1 123 2
r 1 124 2
r 1 125 2
r 1 126 2
r 1 127 2
r 1 128 2
r 1 129 2
r 1 130 2
r 1 131 2
r 1 132 2
r 1 133 2
r 1 134 2
r 1 135 2
r 1 136 2
r 1 137 2
r 1 138 2
r 1 139 2
r 1 139 3
r 1 138 3
r 1 137 3
r 1 136 3
r 1 135 3
r 1 134 3
r 1 132 3
r 1 121 3
r 1 122 3
r 1 123 3
r 1 124 3
r 1 125 3
r 1 126 3
r 1 127 3
r 1 128 3
r 1 129 3
r 1 130 3
r 1 131 3
r 1 133 3
r 1 121 4
r 1 122 4
r 1 124 4
r 1 125 4
r 1 123 4
r 1 126 4
r 1 127 4
r 1 128 4
r 1 129 4
r 1 130 4
r 1 131 4
r 1 132 4
r 1 133 4
r 1 134 4
r 1 135 4
r 1 136 4
r 1 140 0
r 1 141 0
r 1 142 0
r 1 143 0
r 1 144 0
r 1 145 0
r 1 146 0
r 1 147 0
r 1 148 0
r 1 149 0
r 1 150 0
r 1 151 0
r 1 152 0
r 1 153 0
r 1 154 0
r 1 155 0
r 1 156 0
r 1 157 0
r 1 158 0
r 1 159 0
r 1 140 2
r 1 142 2
r 1 141 2
r 1 140 1
r 1 141 1
r 1 142 1
r 1 143 1
r 1 144 1
r 1 146 1
r 1 147 1
r 1 148 1
r 1 149 1
r 1 150 1
r 1 145 1
r 1 151 1
r 1 152 1
r 1 153 1
r 1 154 1
r 1 155 1
r 1 156 1
r 1 157 1
r 1 158 1
r 1 159 1
r 1 159 2
r 1 158 2
r 1 157 2
r 1 143 2
r 1 144 2
r 1 145 2
r 1 146 2
r 1 147 2
r 1 148 2
r 1 150 2
r 1 149 2
r 1 151 2
r 1 152 2
r 1 153 2
r 1 154 2
r 1 155 2
r 1 156 2
r 1 140 3
r 1 141 3
r 1 142 3
r 1 143 3
r 1 144 3
r 1 145 3
r 1 146 3
r 1 147 3
r 1 148 3
r 1 149 3
r 1 160 0
r 1 162 0
r 1 161 0
r 1 163 0
r 1 164 0
r 1 165 0
r 1 166 0
r 1 167 0
r 1 168 0
r 1 169 0
r 1 170 0
r 1 171 0
r 1 172 0
r 1 173 0
r 1 174 0
r 1 176 0
r 1 175 0
r 1 177 0
r 1 178 0
r 1 179 0
r 1 160 1
r 1 161 1
r 1 162 1
r 1 163 1
r 1 164 1
r 1 165 1
r 1 166 1
r 1 168 1
r 1 167 1
r 1 169 1
r 1 170 1
r 1 171 1
r 1 172 1
r 1 173 1
r 1 174 1
r 1 175 1
r 1 176 1
r 1 177 1
r 1 178 1
r 1 179 1
r 1 160 2
r 1 161 2
r 1 162 2
r 1 163 2
r 1 164 2
r 1 165 2
r 1 166 2
r 1 180 1
r 1 180 0
r 1 181 0
r 1 182 0
r 1 183 0
r 1 184 0
r 1 185 0
r 1 186 0
r 1 187 0
r 1 188 0
r 1 189 0
r 1 191 0
r 1 192 0
r 1 190 0
r 1 193 0
r 1 194 0
r 1 195 0
r 1 196 0
r 1 197 0
r 1 198 0
r 1 199 0
r 1 200 0
r 1 201 0
r 1 202 0
r 1 203 0
r 1 204 0
r 1 205 0
r 1 206 0
r 1 207 0
r 1 208 0
r 1 209 0
r 1 210 0
r 1 211 0
r 1 212 0
r 1 213 0
r 1 214 0
r 1 215 0
r 1 216 0
r 1 217 0
r 1 218 0
r 1 219 0
r 1 202 1
r 1 204 1
r 1 203 1
r 1 205 1
r 1 206 1
r 1 207 1
r 1 208 1
r 1 209 1
r 1 210 1
r 1 211 1
r 1 212 1
r 1 213 1
r 1 214 1
r 1 215 1
r 1 216 1
r 1 217 1
r 1 218 1
r 1 219 1
r 1 206 2
r 1 207 2
r 1 208 2
r 1 209 2
r 1 210 2
r 1 211 2
r 1 212 2
r 1 213 2
r 1 214 2
r 1 215 2
r 1 216 2
r 1 217 2
r 1 218 2
r 1 219 2
r 1 210 3
r 1 211 3
r 1 212 3
r 1 213 3
r 1 214 3
r 1 215 3
r 1 216 3
r 1 217 3
r 1 218 3
r 1 219 3
r 1 219 4
r 1 219 5
r 1 218 5
r 1 218 4
r 1 217 4
r 1 216 4
r 1 215 4
r 1 214 4
r 1 220 0
r 1 220 1
r 1 220 2
r 1 220 3
r 1 220 4
r 1 220 5
r 1 221 5
r 1 222 5
r 1 223 5
r 1 224 5
r 1 221 4
r 1 222 4
r 1 223 4
r 1 224 4
r 1 225 4
r 1 226 4
r 1 227 4
r 1 228 4
r 1 221 3
r 1 222 3
r 1 224 3
r 1 223 3
r 1 225 3
r 1 226 3
r 1 227 3
r 1 228 3
r 1 229 3
r 1 230 3
r 1 231 3
r 1 232 3
r 1 221 2
r 1 222 2
r 1 224 2
r 1 223 2
r 1 225 2
r 1 226 2
r 1 227 2
r 1 228 2
r 1 229 2
r 1 230 2
r 1 231 2
r 1 232 2
r 1 233 2
r 1 234 2
r 1 235 2
r 1 236 2
r 1 239 1
r 1 238 1
r 1 237 1
r 1 236 1
r 1 235 1
r 1 234 1
r 1 233 1
r 1 232 1
r 1 231 1
r 1 230 1
r 1 229 1
r 1 228 1
r 1 227 1
r 1 225 1
r 1 223 1
r 1 222 1
r 1 221 1
r 1 224 1
r 1 226 1
r 1 221 0
r 1 222 0
r 1 224 0
r 1 223 0
r 1 225 0
r 1 226 0
r 1 227 0
r 1 228 0
r 1 229 0
r 1 230 0
r 1 231 0
r 1 232 0
r 1 233 0
r 1 234 0
r 1 235 0
r 1 236 0
r 1 237 0
r 1 238 0
r 1 239 0
r 1 240 1
r 1 240 0
r 1 241 0
r 1 242 0
r 1 243 0
r 1 244 0
r 1 245 0
r 1 246 0
r 1 247 0
r 1 248 0
r 1 249 0
r 1 250 0
r 1 251 0
r 1 252 0
r 1 253 0
r 1 254 0
r 1 255 0
r 1 256 0
r 1 257 0
r 1 258 0
r 1 241 5
r 1 242 5
r 1 243 5
r 1 244 5
r 1 245 5
r 1 246 5
r 1 247 5
r 1 248 5
r 1 259 0
r 1 252 3
r 1 253 3
r 1 254 3
r 1 255 3
r 1 256 3
r 1 257 3
r 1 258 3
r 1 259 3
r 1 260 3
r 1 260 0
r 1 261 0
r 1 262 0
r 1 263 0
r 1 264 0
r 1 265 0
r 1 266 0
r 1 267 0
r 1 268 0
r 1 269 0
r 1 270 0
r 1 271 0
r 1 272 0
r 1 273 0
r 1 274 0
r 1 275 0
r 1 276 0
r 1 277 0
r 1 278 0
r 1 279 0
r 1 265 3
r 1 266 3
r 1 267 3
r 1 268 3
r 1 269 3
r 1 270 3
r 1 271 3
r 1 272 3
r 1 273 3
r 1 274 3
r 1 280 0
r 1 281 0
r 1 282 0
r 1 283 0
r 1 285 0
r 1 284 0
r 1 286 0
r 1 287 0
r 1 288 0
r 1 289 0
r 1 290 0
r 1 291 0
r 1 292 0
r 1 293 0
r 1 294 0
r 1 295 0
r 1 296 0
r 1 297 0
r 1 298 0
r 1 299 0
r 1 299 1
r 1 298 1
r 1 297 1
r 1 296 1
r 1 295 1
r 1 294 1
r 1 293 1
r 1 300 0
r 1 301 0
r 1 302 0
r 1 303 0
r 1 304 0
r 1 305 0
r 1 306 0
r 1 307 0
r 1 309 0
r 1 308 0
r 1 310 0
r 1 311 0
r 1 312 0
r 1 313 0
r 1 314 0
r 1 315 0
r 1 316 0
r 1 317 0
r 1 318 0
r 1 319 0
r 1 300 1
r 1 301 1
r 1 302 1
r 1 303 1
r 1 304 1
r 1 305 1
r 1 306 1
r 1 307 1
r 1 308 1
r 1 309 1
r 1 310 1
r 1 311 1
r 1 312 1
r 1 313 1
r 1 314 1
r 1 315 1
r 1 316 1
r 1 317 1
r 1 318 1
r 1 319 1
r 1 301 2
r 1 303 2
r 1 302 2
r 1 304 2
r 1 306 2
r 1 305 2
r 1 307 2
r 1 309 2
r 1 308 2
r 1 310 2
r 1 311 2
r 1 312 2
r 1 313 2
r 1 314 2
r 1 315 2
r 1 316 2
r 1 317 2
r 1 318 2
r 1 319 2
r 1 319 4
r 1 318 4
r 1 317 4
r 1 316 4
r 1 315 4
r 1 319 3
r 1 318 3
r 1 317 3
r 1 316 3
r 1 315 3
r 1 314 3
r 1 308 3
r 1 309 3
r 1 310 3
r 1 311 3
r 1 312 3
r 1 313 3
r 1 320 0
r 1 320 1
r 1 320 2
r 1 320 3
r 1 320 4
r 1 321 0
r 1 322 0
r 1 323 0
r 1 324 0
r 1 325 0
r 1 326 0
r 1 327 0
r 1 328 0
r 1 329 0
r 1 330 0
r 1 331 0
r 1 332 0
r 1 333 0
r 1 334 0
r 1 335 0
r 1 336 0
r 1 337 0
r 1 338 0
r 1 339 0
r 1 339 1
r 1 338 1
r 1 337 1
r 1 336 1
r 1 335 1
r 1 334 1
r 1 332 1
r 1 321 1
r 1 322 1
r 1 323 1
r 1 324 1
r 1 325 1
r 1 326 1
r 1 327 1
r 1 328 1
r 1 329 1
r 1 330 1
r 1 331 1
r 1 333 1
r 1 338 2
r 1 337 2
r 1 336 2
r 1 335 2
r 1 334 2
r 1 333 2
r 1 332 2
r 1 331 2
r 1 330 2
r 1 329 2
r 1 328 2
r 1 327 2
r 1 326 2
r 1 325 2
r 1 324 2
r 1 323 2
r 1 322 2
r 1 321 2
r 1 331 3
r 1 321 3
r 1 322 3
r 1 323 3
r 1 324 3
r 1 325 3
r 1 326 3
r 1 327 3
r 1 328 3
r 1 329 3
r 1 330 3
r 1 321 4
r 1 322 4
r 1 323 4
r 1 324 4
r 1 325 4
r 1 340 1
r 1 341 1
r 1 342 1
r 1 343 1
r 1 340 0
r 1 341 0
r 1 342 0
r 1 343 0
r 1 344 0
r 1 345 0
r 1 346 0
r 1 347 0
r 1 348 0
r 1 349 0
r 1 350 0
r 1 351 0
r 1 352 0
r 1 353 0
r 1 354 0
r 1 355 0
r 1 356 0
r 1 357 0
r 1 358 0
r 1 359 0
r 1 360 0
r 1 361 0
r 1 362 0
r 1 363 0
r 1 364 0
r 1 365 0
r 1 366 0
r 1 367 0
r 1 368 0
r 1 369 0
r 1 370 0
r 1 371 0
r 1 372 0
r 1 373 0
r 1 374 0
r 1 375 0
r 1 376 0
r 1 377 0
r 1 378 0
r 1 379 0
r 1 379 2
r 1 379 1
r 1 378 1
r 1 377 1
r 1 376 1
r 1 375 1
r 1 374 1
r 1 373 1
r 1 380 0
r 1 381 0
r 1 382 0
r 1 383 0
r 1 384 0
r 1 385 0
r 1 386 0
r 1 387 0
r 1 388 0
r 1 390 0
r 1 389 0
r 1 391 0
r 1 392 0
r 1 393 0
r 1 394 0
r 1 395 0
r 1 396 0
r 1 397 0
r 1 398 0
r 1 399 0
r 1 399 1
r 1 399 2
r 1 399 3
r 1 380 2
r 1 382 2
r 1 381 2
r 1 380 1
r 1 381 1
r 1 382 1
r 1 383 2
r 1 383 1
r 1 384 2
r 1 384 1
r 1 385 2
r 1 385 1
r 1 386 2
r 1 386 1
r 1 387 2
r 1 387 1
r 1 388 2
r 1 388 1
r 1 389 2
r 1 389 1
r 1 391 2
r 1 390 2
r 1 390 1
r 1 391 1
r 1 392 2
r 1 392 1
r 1 393 2
r 1 393 1
r 1 394 2
r 1 394 1
r 1 395 2
r 1 395 1
r 1 396 2
r 1 396 1
r 1 397 2
r 1 397 1
r 1 398 2
r 1 398 1
r 1 398 3
r 1 397 3
r 1 396 3
r 1 394 3
r 1 389 3
r 1 390 3
r 1 391 3
r 1 392 3
r 1 393 3
r 1 395 3
r 1 400 0
r 1 401 0
r 1 402 0
r 1 403 0
r 1 404 0
r 1 405 0
r 1 406 0
r 1 407 0
r 1 408 0
r 1 409 0
r 1 410 0
r 1 411 0
r 1 412 0
r 1 413 0
r 1 414 0
r 1 415 0
r 1 416 0
r 1 417 0
r 1 418 0
r 1 419 0
r 1 419 1
r 1 417 1
r 1 418 1
r 1 400 1
r 1 402 1
r 1 401 1
r 1 403 1
r 1 404 1
r 1 405 1
r 1 407 1
r 1 406 1
r 1 408 1
r 1 409 1
r 1 410 1
r 1 411 1
r 1 412 1
r 1 413 1
r 1 414 1
r 1 415 1
r 1 416 1
r 1 400 3
r 1 401 3
r 1 402 3
r 1 403 3
r 1 404 3
r 1 400 2
r 1 402 2
r 1 401 2
r 1 403 2
r 1 405 2
r 1 404 2
r 1 406 2
r 1 407 2
r 1 408 2
r 1 409 2
r 1 410 2
r 1 411 2
r 1 412 2
r 1 413 2
r 1 420 0
r 1 422 0
r 1 421 0
r 1 423 0
r 1 424 0
r 1 425 0
r 1 426 0
r 1 427 0
r 1 428 0
r 1 429 0
r 1 430 0
r 1 431 0
r 1 432 0
r 1 433 0
r 1 434 0
r 1 435 0
r 1 436 0
r 1 437 0
r 1 438 0
r 1 439 0
r 1 439 1
r 1 438 1
r 1 437 1
r 1 436 1
r 1 435 1
r 1 434 1
r 1 433 1
r 1 432 1
r 1 431 1
r 1 429 1
r 1 430 1
r 1 428 1
r 1 420 1
r 1 421 1
r 1 422 1
r 1 423 1
r 1 424 1
r 1 425 1
r 1 426 1
r 1 427 1
r 1 425 2
r 1 426 2
r 1 427 2
r 1 428 2
r 1 429 2
r 1 430 2
r 1 431 2
r 1 432 2
r 1 433 2
r 1 434 2
r 1 435 2
r 1 436 2
r 1 437 2
r 1 438 2
r 1 439 2
r 1 430 3
r 1 431 3
r 1 432 3
r 1 433 3
r 1 434 3
r 1 435 3
r 1 436 3
r 1 437 3
r 1 438 3
r 1 439 3
r 1 439 4
r 1 438 4
r 1 437 4
r 1 436 4
r 1 440 0
r 1 440 1
r 1 440 2
r 1 440 3
r 1 440 4
r 1 440 5
r 1 441 0
r 1 442 0
r 1 443 0
r 1 444 0
r 1 445 0
r 1 446 0
r 1 447 0
r 1 448 0
r 1 449 0
r 1 451 0
r 1 450 0
r 1 452 0
r 1 453 0
r 1 454 0
r 1 455 0
r 1 456 0
r 1 457 0
r 1 458 0
r 1 459 0
r 1 459 1
r 1 458 2
r 1 459 2
r 1 459 3
r 1 458 1
r 1 441 1
r 1 443 1
r 1 442 1
r 1 444 1
r 1 445 1
r 1 446 1
r 1 447 1
r 1 448 1
r 1 449 1
r 1 450 1
r 1 451 1
r 1 452 1
r 1 453 1
r 1 454 1
r 1 455 1
r 1 456 1
r 1 457 1
r 1 457 2
r 1 456 2
r 1 455 2
r 1 454 2
r 1 453 2
r 1 452 2
r 1 450 2
r 1 451 2
r 1 441 2
r 1 442 2
r 1 444 2
r 1 443 2
r 1 445 2
r 1 446 2
r 1 447 2
r 1 448 2
r 1 449 2
r 1 458 3
r 1 457 3
r 1 456 3
r 1 455 3
r 1 454 3
r 1 453 3
r 1 452 3
r 1 451 3
r 1 450 3
r 1 449 3
r 1 448 3
r 1 447 3
r 1 445 3
r 1 446 3
r 1 444 3
r 1 443 3
r 1 442 3
r 1 441 3
r 1 455 4
r 1 441 4
r 1 442 4
r 1 443 4
r 1 444 4
r 1 445 4
r 1 446 4
r 1 447 4
r 1 448 4
r 1 449 4
r 1 450 4
r 1 451 4
r 1 452 4
r 1 453 4
r 1 454 4
r 1 451 5
r 1 450 5
r 1 449 5
r 1 448 5
r 1 447 5
r 1 446 5
r 1 445 5
r 1 444 5
r 1 443 5
r 1 442 5
r 1 441 5
r 1 460 2
r 1 460 1
r 1 460 0
r 1 461 2
r 1 462 2
r 1 463 2
r 1 464 2
r 1 461 1
r 1 470 1
r 1 469 1
r 1 468 1
r 1 467 1
r 1 466 1
r 1 465 1
r 1 464 1
r 1 463 1
r 1 462 1
r 1 461 0
r 1 462 0
r 1 463 0
r 1 464 0
r 1 465 0
r 1 466 0
r 1 467 0
r 1 468 0
r 1 469 0
r 1 470 0
r 1 471 0
r 1 472 0
r 1 473 0
r 1 474 0
r 1 475 0
r 1 476 0
r 1 477 0
r 1 478 0
r 1 479 0
r 1 480 0
r 1 481 0
r 1 482 0
r 1 483 0
r 1 484 0
r 1 485 0
r 1 486 0
r 1 487 0
r 1 488 0
r 1 489 0
r 1 490 0
r 1 491 0
r 1 492 0
r 1 493 0
r 1 494 0
r 1 495 0
r 1 496 0
r 1 497 0
r 1 498 0
r 1 499 0
r 1 500 0
r 1 501 0
r 1 502 0
r 1 503 0
r 1 504 0
r 1 505 0

=============================================================================
Stumbler(Type_Index.X_Index.Y)
=============================================================================
s 0 36 3
s 14 55 3
s 14 79 1
s 6 91 7
s 14 123 5
s 16 141 4
s 8 170 2
s 14 196 1
s 14 278 1
s 6 286 7
s 14 310 4
s 14 341 2
s 6 379 7
s 14 416 2
s 6 478 7
s 14 475 1

=============================================================================
Target(Type_Index.X_Index.Y)
=============================================================================
t 1 489 1

