*****************************************************************************
stage_glacier.txt
*****************************************************************************

=============================================================================
Num(Bg_Road_Stum_Target)
=============================================================================
n 25 811 38 1

=============================================================================
Background(Type)
=============================================================================
b 5
b 6
b 7
b 8
b 9
b 5
b 6
b 7
b 8
b 9
b 5
b 6
b 7
b 8
b 9
b 5
b 6
b 7
b 8
b 9
b 5
b 6
b 7
b 8
b 9

=============================================================================
Road(Type_Index.X_Index.Y)
=============================================================================
r 2 0 0
r 2 1 0
r 2 2 0
r 2 3 0
r 2 4 0
r 2 5 0
r 2 6 0
r 2 7 0
r 2 8 0
r 2 9 0
r 2 10 0
r 2 11 0
r 2 12 0
r 2 13 0
r 2 14 0
r 2 15 0
r 2 16 0
r 2 17 0
r 2 18 0
r 2 19 0
r 2 20 0
r 2 24 0
r 2 25 0
r 2 26 0
r 2 27 0
r 2 28 0
r 2 29 0
r 2 30 0
r 2 31 0
r 2 32 0
r 2 33 0
r 2 34 0
r 2 35 0
r 2 36 0
r 2 37 0
r 2 38 0
r 2 39 0
r 2 39 3
r 2 38 3
r 2 37 3
r 2 35 3
r 2 36 3
r 2 34 3
r 2 40 0
r 2 41 0
r 2 42 0
r 2 43 0
r 2 44 0
r 2 45 0
r 2 46 0
r 2 47 0
r 2 48 0
r 2 49 0
r 2 50 0
r 2 51 0
r 2 52 0
r 2 53 0
r 2 54 0
r 2 55 0
r 2 56 0
r 2 57 0
r 2 58 0
r 2 59 0
r 2 40 3
r 2 41 3
r 2 42 3
r 2 43 3
r 2 44 3
r 2 60 0
r 2 61 0
r 2 62 0
r 2 67 0
r 2 68 0
r 2 69 0
r 2 70 0
r 2 71 0
r 2 72 0
r 2 73 0
r 2 75 0
r 2 74 0
r 2 76 0
r 2 77 0
r 2 82 0
r 2 83 0
r 2 84 0
r 2 85 0
r 2 91 0
r 2 92 0
r 2 93 0
r 2 94 0
r 2 95 0
r 2 96 0
r 2 97 0
r 2 98 0
r 2 99 0
r 4 86 0
r 4 87 0
r 4 88 0
r 4 89 0
r 4 90 0
r 2 100 0
r 2 101 0
r 2 102 0
r 2 103 0
r 2 104 0
r 2 105 0
r 2 106 0
r 2 107 0
r 2 108 0
r 2 109 0
r 2 110 0
r 2 115 0
r 2 116 0
r 2 121 0
r 2 122 0
r 2 123 0
r 2 124 0
r 2 130 0
r 2 131 0
r 2 132 0
r 2 133 0
r 2 134 0
r 2 135 0
r 4 125 0
r 4 126 0
r 4 127 0
r 4 128 0
r 4 129 0
r 4 136 0
r 4 137 0
r 4 138 0
r 4 139 0
r 2 129 1
r 2 130 1
r 2 131 1
r 2 132 1
r 2 133 1
r 2 134 1
r 2 135 1
r 2 136 1
r 2 137 1
r 2 138 1
r 2 139 1
r 2 139 2
r 2 138 2
r 2 137 2
r 2 136 2
r 2 135 2
r 2 134 2
r 2 140 1
r 2 141 1
r 2 142 1
r 2 140 2
r 4 140 0
r 4 141 0
r 4 142 0
r 4 143 0
r 4 144 0
r 2 145 4
r 2 146 4
r 4 145 0
r 4 146 0
r 4 147 0
r 4 148 0
r 2 147 4
r 2 148 4
r 2 149 4
r 2 150 4
r 2 151 4
r 2 152 4
r 2 153 4
r 2 154 4
r 2 155 4
r 2 156 4
r 2 157 4
r 2 158 4
r 2 159 4
r 2 149 0
r 2 150 0
r 2 151 0
r 4 152 0
r 4 153 0
r 4 154 0
r 4 155 0
r 4 156 0
r 4 157 0
r 4 158 0
r 2 159 0
r 2 160 0
r 2 161 0
r 2 162 0
r 2 163 0
r 2 164 0
r 2 160 4
r 2 161 4
r 2 162 4
r 2 163 4
r 2 164 4
r 2 179 0
r 2 178 0
r 2 177 0
r 2 176 0
r 2 175 0
r 4 166 0
r 4 167 0
r 4 168 0
r 4 169 0
r 4 170 0
r 4 171 0
r 4 172 0
r 4 173 0
r 4 174 0
r 2 171 3
r 2 172 3
r 2 176 4
r 2 170 3
r 2 175 4
r 4 165 0
r 2 177 4
r 2 180 0
r 2 181 0
r 2 182 0
r 2 183 0
r 2 184 0
r 2 185 0
r 2 186 0
r 2 187 0
r 2 188 0
r 2 189 0
r 2 190 0
r 2 191 0
r 2 192 0
r 2 193 0
r 2 194 0
r 2 195 0
r 2 196 0
r 2 197 0
r 2 198 0
r 2 181 6
r 2 199 7
r 2 198 7
r 2 197 7
r 2 196 7
r 2 182 6
r 2 183 6
r 2 185 6
r 2 184 6
r 2 186 6
r 2 187 6
r 2 188 6
r 2 189 6
r 2 190 6
r 2 191 6
r 2 192 6
r 4 199 0
r 2 200 7
r 4 200 0
r 4 201 0
r 4 202 0
r 4 203 0
r 4 204 0
r 2 205 7
r 2 206 7
r 2 207 7
r 2 208 7
r 2 209 7
r 2 205 0
r 2 206 0
r 2 207 0
r 2 208 0
r 2 209 0
r 4 210 0
r 4 211 0
r 4 212 0
r 2 213 0
r 2 214 0
r 2 215 0
r 2 216 0
r 2 217 0
r 2 218 0
r 4 219 0
r 2 214 7
r 2 215 7
r 2 216 7
r 2 217 7
r 2 218 7
r 2 219 7
r 4 239 0
r 4 238 0
r 2 237 0
r 2 236 0
r 2 235 0
r 2 233 0
r 2 234 0
r 4 220 0
r 4 221 0
r 4 222 0
r 4 223 0
r 4 224 0
r 4 225 0
r 4 226 0
r 4 227 0
r 4 228 0
r 4 229 0
r 4 230 0
r 4 231 0
r 4 232 0
r 2 238 9
r 2 239 9
r 2 237 9
r 2 235 9
r 2 236 9
r 2 233 9
r 2 234 9
r 2 232 9
r 2 231 9
r 2 230 9
r 2 229 9
r 4 240 0
r 4 241 0
r 4 242 0
r 4 243 0
r 2 244 0
r 2 245 0
r 2 246 0
r 2 247 0
r 2 248 0
r 2 249 0
r 2 250 0
r 2 251 0
r 2 252 0
r 2 253 0
r 2 254 0
r 2 255 0
r 2 256 0
r 2 257 0
r 2 258 0
r 2 259 0
r 2 240 9
r 2 241 9
r 2 242 9
r 2 243 9
r 2 244 9
r 2 245 9
r 2 246 9
r 2 247 9
r 2 248 9
r 2 249 9
r 2 250 9
r 2 251 9
r 2 252 9
r 2 253 9
r 2 254 9
r 2 255 9
r 2 256 9
r 2 257 9
r 2 258 9
r 2 259 9
r 2 252 4
r 2 253 4
r 2 254 4
r 2 255 4
r 2 256 4
r 2 260 0
r 4 261 0
r 4 262 0
r 4 263 0
r 4 264 0
r 4 265 0
r 4 266 0
r 4 279 0
r 4 278 0
r 4 277 0
r 2 267 0
r 2 268 0
r 2 269 0
r 2 270 0
r 2 271 0
r 2 272 0
r 2 273 0
r 2 274 0
r 2 275 0
r 2 276 0
r 2 260 9
r 2 261 9
r 2 262 9
r 2 263 9
r 2 264 9
r 2 265 9
r 2 266 9
r 2 267 9
r 2 268 9
r 2 269 9
r 2 270 9
r 2 271 9
r 2 272 9
r 2 273 9
r 2 274 9
r 2 275 9
r 2 276 9
r 2 277 9
r 2 278 9
r 2 279 9
r 2 279 4
r 2 278 4
r 2 277 4
r 4 280 0
r 4 281 0
r 4 282 0
r 4 283 0
r 4 284 0
r 2 285 0
r 2 286 0
r 2 287 0
r 2 288 0
r 4 289 0
r 4 290 0
r 2 291 0
r 2 292 0
r 2 293 0
r 2 294 0
r 2 295 0
r 2 296 0
r 2 297 0
r 2 298 0
r 2 299 0
r 2 299 4
r 2 298 4
r 2 297 4
r 2 296 4
r 2 280 4
r 2 281 4
r 2 282 4
r 2 283 4
r 2 284 4
r 2 285 4
r 2 286 4
r 2 280 9
r 2 281 9
r 2 282 9
r 2 283 9
r 2 284 9
r 2 285 9
r 2 286 9
r 2 287 9
r 2 289 9
r 2 288 9
r 2 290 9
r 2 291 9
r 2 292 9
r 2 293 9
r 2 294 9
r 2 295 9
r 2 296 9
r 2 297 9
r 2 298 9
r 2 299 9
r 2 300 9
r 2 301 9
r 2 302 9
r 2 303 9
r 2 304 9
r 2 305 9
r 2 306 9
r 2 307 9
r 2 308 9
r 2 309 9
r 2 310 9
r 2 311 9
r 2 312 9
r 2 313 9
r 2 314 9
r 2 315 9
r 2 316 9
r 2 317 9
r 2 318 9
r 2 319 9
r 2 318 0
r 2 319 0
r 2 317 0
r 2 316 0
r 2 315 0
r 2 312 0
r 2 311 0
r 2 300 0
r 2 301 0
r 2 302 0
r 2 303 0
r 2 304 0
r 2 305 0
r 2 306 0
r 2 307 0
r 2 308 0
r 2 309 0
r 2 310 0
r 2 316 3
r 2 315 3
r 2 314 3
r 2 313 3
r 2 312 3
r 2 311 3
r 2 320 9
r 2 321 9
r 2 322 9
r 2 323 9
r 2 324 9
r 2 325 9
r 2 326 9
r 2 327 9
r 2 328 9
r 2 329 9
r 2 330 9
r 2 331 9
r 2 332 9
r 2 333 9
r 2 334 9
r 2 335 9
r 2 336 9
r 2 337 9
r 2 338 9
r 2 339 9
r 2 320 0
r 2 321 0
r 2 322 0
r 2 323 0
r 2 324 0
r 2 325 0
r 2 326 0
r 2 327 0
r 2 328 0
r 2 329 0
r 2 330 0
r 2 331 0
r 2 332 0
r 2 333 0
r 2 334 0
r 2 335 0
r 2 336 0
r 4 337 0
r 4 338 0
r 4 339 0
r 2 327 4
r 2 328 4
r 2 329 4
r 2 330 4
r 2 331 4
r 4 340 0
r 4 341 0
r 4 342 0
r 4 343 0
r 4 344 0
r 4 359 0
r 4 358 0
r 4 357 0
r 4 356 0
r 2 345 0
r 2 346 0
r 2 347 0
r 2 348 0
r 2 349 0
r 2 350 0
r 2 351 0
r 2 352 0
r 2 353 0
r 2 354 0
r 2 355 0
r 2 356 9
r 2 340 9
r 2 342 9
r 2 341 9
r 2 343 9
r 2 344 9
r 2 345 9
r 2 346 9
r 2 347 9
r 2 348 9
r 2 349 9
r 2 350 9
r 2 351 9
r 2 352 9
r 2 353 9
r 2 354 9
r 2 355 9
r 2 347 4
r 2 348 4
r 2 349 4
r 2 350 4
r 2 351 4
r 4 360 0
r 4 377 0
r 4 376 0
r 4 375 0
r 4 374 0
r 2 361 0
r 2 362 0
r 2 363 0
r 2 364 0
r 2 365 0
r 2 366 0
r 2 367 0
r 2 368 0
r 2 369 0
r 2 370 0
r 2 371 0
r 2 372 0
r 2 373 0
r 2 372 3
r 2 371 3
r 2 370 3
r 2 369 3
r 2 376 5
r 2 377 5
r 2 378 5
r 2 379 5
r 2 380 5
r 2 381 5
r 2 382 5
r 2 383 5
r 2 384 5
r 2 384 0
r 2 385 0
r 4 382 0
r 4 383 0
r 4 386 0
r 4 387 0
r 2 392 0
r 2 393 0
r 2 394 0
r 2 395 0
r 2 396 0
r 2 397 0
r 2 400 0
r 2 401 0
r 2 402 0
r 2 403 0
r 2 404 0
r 2 409 0
r 2 410 0
r 2 411 0
r 2 412 0
r 2 413 0
r 2 414 0
r 2 415 0
r 2 416 0
r 2 417 0
r 2 418 0
r 4 419 0
r 4 420 0
r 4 421 0
r 4 422 0
r 4 423 0
r 2 424 0
r 2 425 0
r 2 426 0
r 2 427 0
r 2 428 0
r 2 429 0
r 2 430 0
r 2 431 0
r 2 432 0
r 2 433 0
r 2 434 0
r 2 435 0
r 2 436 0
r 2 437 0
r 2 438 0
r 2 439 0
r 2 439 1
r 2 438 1
r 2 437 1
r 2 436 1
r 2 435 1
r 2 434 1
r 2 433 1
r 2 432 1
r 2 431 1
r 2 430 1
r 2 429 1
r 2 428 1
r 2 427 1
r 2 426 1
r 2 425 1
r 2 424 1
r 2 423 1
r 2 422 1
r 2 421 1
r 2 420 1
r 2 424 2
r 2 425 2
r 2 426 2
r 2 427 2
r 2 428 2
r 2 429 2
r 2 430 2
r 2 431 2
r 2 432 2
r 2 433 2
r 2 434 2
r 2 435 2
r 2 436 2
r 2 437 2
r 2 438 2
r 2 439 2
r 2 428 3
r 2 430 3
r 2 429 3
r 2 431 3
r 2 432 3
r 2 433 3
r 2 434 3
r 2 435 3
r 2 436 3
r 2 437 3
r 2 438 3
r 2 439 3
r 2 432 4
r 2 433 4
r 2 434 4
r 2 435 4
r 2 436 4
r 2 437 4
r 2 438 4
r 2 439 4
r 4 440 0
r 4 441 0
r 4 442 0
r 4 443 0
r 4 444 0
r 4 445 0
r 4 446 0
r 4 447 0
r 4 448 0
r 4 449 0
r 4 450 0
r 2 440 1
r 2 440 2
r 2 440 3
r 2 440 4
r 2 446 1
r 2 445 1
r 2 444 1
r 2 443 1
r 2 442 1
r 2 441 1
r 2 446 2
r 2 445 2
r 2 444 2
r 2 443 2
r 2 442 2
r 2 441 2
r 2 441 3
r 2 442 3
r 2 443 3
r 2 444 3
r 2 445 3
r 2 446 3
r 2 441 4
r 2 442 4
r 2 443 4
r 2 444 4
r 2 445 4
r 2 446 4
r 2 451 0
r 2 452 0
r 2 453 0
r 2 454 0
r 2 455 0
r 2 456 0
r 2 457 0
r 2 458 0
r 2 459 0
r 2 460 0
r 2 461 0
r 2 462 0
r 2 463 0
r 2 464 0
r 2 465 0
r 2 466 0
r 2 467 0
r 2 468 0
r 2 469 0
r 2 470 0
r 2 471 0
r 2 479 0
r 2 478 0
r 2 477 0
r 2 475 0
r 2 476 0
r 2 473 0
r 2 472 0
r 4 474 0
r 2 480 0
r 2 481 0
r 2 482 0
r 2 483 0
r 2 484 0
r 2 485 0
r 2 486 0
r 2 487 0
r 2 488 0
r 2 489 0
r 2 490 0
r 2 491 0
r 2 492 0
r 2 493 0
r 2 494 0
r 2 495 0
r 2 496 0
r 2 497 0
r 2 498 0
r 2 499 0

=============================================================================
Stumbler(Type_Index.X_Index.Y)
=============================================================================
s 10 10 1
s 10 53 1
s 7 70 1
s 10 90 1
s 10 103 1
s 10 151 5
s 11 147 2
s 10 187 1
s 11 196 5
s 10 201 1
s 11 207 5
s 11 216 5
s 11 239 7
s 11 236 7
s 11 233 7
s 11 230 7
s 11 242 7
s 11 245 7
s 11 248 7
s 11 262 7
s 10 269 1
s 10 280 5
s 11 289 7
s 11 301 7
s 11 304 7
s 11 307 7
s 11 318 7
s 11 321 7
s 11 324 7
s 10 341 1
s 10 349 5
s 10 359 1
s 10 396 1
s 7 412 1
s 10 436 5
s 7 449 1
s 10 460 1
s 10 473 1

=============================================================================
Target(Type_Index.X_Index.Y)
=============================================================================
t 1 485 1

